1	 15365
1	 6292098
1	 6303883
1	 6303961
1	 6305627
1	 6323122
1	 6323198
1	 6323274
1	 6323364
1	 6324814
1	 6324896
1	 6324978
1	 6330935
1	 6332488
1	 10688060
1	 10694660
1	 10694820
1	 10695050
1	 10703669
1	 10703855
1	 10703931
1	 10704013
1	 10705458
1	 10715053
1	 10719596
1	 11431253
1	 11437118
1	 11437196
1	 11437272
1	 11440215
1	 11440291
1	 11440381
1	 11440457
1	 11441907
1	 11441989
1	 11442159
1	 11469839
1	 11478060
1	 12853545
1	 12860719
1	 12860797
1	 12860873
1	 12863189
1	 12863341
1	 12863417
1	 12863507
1	 12863589
1	 13614621
1	 13616153
1	 13616381
1	 13627973
1	 16959132
1	 16963848
1	 16963926
1	 16964234
1	 16967721
1	 16970697
1	 16970773
1	 16970863
1	 16972313
1	 16972395
1	 16972559
1	 16983860
1	 16987012
1	 18544361
1	 18545089
1	 18545167
1	 18545325
1	 18552148
1	 18554548
1	 18555875
1	 19143152
1	 19144584
1	 19166391
1	 19182639
1	 30503051
1	 30510141
1	 30510219
1	 30510295
1	 30519284
1	 30519360
1	 30520810
1	 30521008
1	 30521160
1	 30533651
1	 30540517
